canvas 145 50 410 220
shape disk1 rectangle 0
shape disk2 rectangle 1
shape disk3 rectangle 2
shape disk4 rectangle 1
motion disk1 1 220 180 20 30 0 49 90 0  1 220 180 20 30 0 49 90 0
motion disk1 1 220 180 20 30 0 49 90 0  25 220 180 20 30 0 49 90 90
motion disk1 25 220 180 20 30 0 49 90 90  50 220 180 20 30 0 49 90 180
motion disk1 50 220 180 20 30 0 49 90 180  75 220 180 20 30 0 49 90 270
motion disk1 75 220 180 20 30 0 49 90 270  100 220 180 20 30 0 49 90 360

motion disk2 1 220 180 40 35 5 5 5 0  1 220 180 40 35 5 5 5 0
motion disk2 1 220 180 40 35 5 5 5 0  25 220 180 40 35 5 5 5 90
motion disk2 25 220 180 40 35 5 5 5 90  50 220 180 40 35 5 5 5 180
motion disk2 50 220 180 40 35 5 5 5 180  75 220 180 40 35 5 5 5 270
motion disk2 75 220 180 40 35 5 5 5 270  100 220 180 40 35 5 5 5 360

motion disk3 1 220 180 60 40 5 50 100 0  1 220 180 60 40 5 50 100 0
motion disk3 1 220 180 60 40 5 50 100 0  25 220 180 60 40 5 50 100 90
motion disk3 25 220 180 60 40 5 50 100 90  50 220 180 60 40 5 50 100 180
motion disk3 50 220 180 60 40 5 50 100 180  75 220 180 60 40 5 50 100 270
motion disk3 75 220 180 60 40 5 50 100 270  100 220 180 60 40 5 50 100 360

motion disk4 1 220 180 40 35 0 255 0 0  1 220 180 40 35 0 255 0 0
motion disk4 1 220 180 40 35 0 255 0 0  25 220 180 40 35 0 255 0 90
motion disk4 25 220 180 40 35 0 255 0 90  50 220 180 40 35 0 255 0 180
motion disk4 50 220 180 40 35 0 255 0 180  75 220 180 40 35 0 255 0 270
motion disk4 75 220 180 40 35 0 255 0 270  100 220 180 40 35 0 255 0 360